Loading_time,Start,End
778,1619888627558,1619888628336
