fcp
932.2
